-265 -300
-262 -300
-232 -300
-224 -300
1 -300
107 -300
150 -300
239 -300
1 -299
61 -299
88 -299
96 -299
175 -299
243 -299
-233 -298
1 -298
8 -298
28 -298
105 -298
133 -298
145 -298
-253 -297
-182 -297
-181 -297
1 -297
132 -297
169 -297
1 -296
146 -296
-290 -295
-253 -295
-183 -295
1 -295
24 -295
67 -295
78 -295
133 -295
296 -295
-179 -294
1 -294
80 -294
167 -294
206 -294
1 -293
75 -293
222 -293
1 -292
60 -292
62 -292
164 -292
246 -292
-252 -291
1 -291
263 -291
264 -291
-282 -290
-185 -290
1 -290
12 -290
33 -290
1 -289
53 -289
75 -289
166 -289
222 -289
-293 -288
-267 -288
1 -288
140 -288
-239 -287
1 -287
123 -287
137 -287
220 -287
1 -286
-275 -285
1 -285
6 -285
7 -285
279 -285
-203 -284
1 -284
78 -284
113 -284
138 -284
144 -284
268 -284
-204 -283
1 -283
30 -283
44 -283
56 -283
93 -283
134 -283
144 -283
158 -283
281 -283
-272 -282
-256 -282
1 -282
71 -282
81 -282
113 -282
130 -282
283 -282
-275 -281
-261 -281
-239 -281
1 -281
15 -281
39 -281
64 -281
120 -281
-273 -280
-236 -280
-210 -280
1 -280
27 -280
62 -280
72 -280
81 -280
118 -280
224 -280
-235 -279
1 -279
34 -279
157 -279
158 -279
163 -279
176 -279
246 -279
-290 -278
-288 -278
-207 -278
1 -278
34 -278
76 -278
77 -278
136 -278
145 -278
171 -278
1 -277
31 -277
112 -277
116 -277
142 -277
283 -277
-239 -276
1 -276
123 -276
127 -276
-187 -275
1 -275
71 -275
177 -275
273 -275
-190 -274
1 -274
57 -274
71 -274
93 -274
138 -274
-188 -273
1 -273
25 -273
105 -273
126 -273
162 -273
223 -273
270 -273
-292 -272
1 -272
150 -272
-261 -271
-199 -271
1 -271
4 -271
116 -271
117 -271
145 -271
153 -271
160 -271
176 -271
185 -271
228 -271
1 -270
57 -270
91 -270
98 -270
135 -270
154 -270
164 -270
1 -269
93 -269
96 -269
161 -269
277 -269
1 -268
3 -268
53 -268
164 -268
235 -268
255 -268
-211 -267
1 -267
49 -267
91 -267
110 -267
293 -267
1 -266
67 -266
87 -266
278 -266
288 -266
-237 -265
1 -265
33 -265
41 -265
-200 -264
1 -264
105 -264
165 -264
1 -263
10 -263
60 -263
258 -263
-249 -262
-201 -262
-199 -262
1 -262
6 -262
55 -262
82 -262
294 -262
-216 -261
1 -261
98 -261
120 -261
175 -261
231 -261
-266 -260
1 -260
36 -260
38 -260
187 -260
1 -259
63 -259
226 -259
276 -259
-207 -258
1 -258
-291 -257
-216 -257
1 -257
162 -257
-290 -256
-274 -256
-205 -256
1 -256
29 -256
77 -256
106 -256
138 -256
167 -256
281 -256
1 -255
7 -255
16 -255
64 -255
181 -255
1 -254
46 -254
66 -254
103 -254
180 -254
226 -254
229 -254
-221 -253
0 -253
1 -253
23 -253
78 -253
127 -253
238 -253
1 -252
69 -252
110 -252
142 -252
179 -252
-296 -251
1 -251
167 -251
-272 -250
1 -250
51 -250
59 -250
88 -250
-222 -249
1 -249
50 -249
69 -249
235 -249
-278 -248
1 -248
5 -248
148 -248
153 -248
-219 -247
1 -247
102 -247
-284 -246
1 -246
17 -246
26 -246
79 -246
92 -246
195 -246
1 -245
104 -245
106 -245
133 -245
-277 -244
1 -244
62 -244
86 -244
173 -244
-256 -243
-201 -243
1 -243
47 -243
54 -243
89 -243
121 -243
183 -243
274 -243
1 -242
15 -242
19 -242
23 -242
62 -242
117 -242
135 -242
152 -242
-265 -241
1 -241
71 -241
1 -240
27 -240
76 -240
-259 -239
-224 -239
1 -239
88 -239
156 -239
187 -239
193 -239
1 -238
162 -238
269 -238
-300 -237
-218 -237
1 -237
37 -237
56 -237
83 -237
186 -237
296 -237
1 -236
62 -236
120 -236
141 -236
178 -236
239 -236
-285 -235
-211 -235
1 -235
37 -235
134 -235
149 -235
-258 -234
-211 -234
1 -234
18 -234
86 -234
95 -234
114 -234
195 -234
294 -234
-221 -233
1 -233
42 -233
127 -233
186 -233
-264 -232
1 -232
87 -232
-288 -231
1 -231
120 -231
139 -231
153 -231
-220 -230
1 -230
18 -230
114 -230
150 -230
151 -230
182 -230
244 -230
-209 -229
1 -229
30 -229
45 -229
130 -229
133 -229
145 -229
195 -229
250 -229
280 -229
-212 -228
1 -228
10 -228
63 -228
131 -228
138 -228
141 -228
194 -228
-273 -227
1 -227
17 -227
40 -227
92 -227
255 -227
1 -226
46 -226
101 -226
-231 -225
1 -225
12 -225
23 -225
-230 -224
-217 -224
-212 -224
1 -224
24 -224
44 -224
108 -224
161 -224
198 -224
-275 -223
1 -223
94 -223
106 -223
-277 -222
1 -222
253 -222
262 -222
1 -221
32 -221
179 -221
208 -221
-228 -220
1 -220
18 -220
125 -220
148 -220
199 -220
-297 -219
-217 -219
-214 -219
1 -219
6 -219
33 -219
49 -219
58 -219
96 -219
117 -219
148 -219
157 -219
159 -219
259 -219
1 -218
21 -218
66 -218
139 -218
1 -217
39 -217
256 -217
-244 -216
-242 -216
1 -216
61 -216
144 -216
-280 -215
-271 -215
-229 -215
1 -215
63 -215
64 -215
72 -215
-222 -214
1 -214
209 -214
249 -214
266 -214
1 -213
184 -213
1 -212
130 -212
175 -212
191 -212
1 -211
139 -211
197 -211
199 -211
-241 -210
-236 -210
1 -210
23 -210
27 -210
94 -210
199 -210
1 -209
8 -209
95 -209
143 -209
1 -208
87 -208
140 -208
198 -208
1 -207
32 -207
103 -207
207 -207
1 -206
145 -206
179 -206
260 -206
-277 -205
1 -205
69 -205
81 -205
97 -205
183 -205
220 -205
274 -205
-292 -204
1 -204
1 -203
80 -203
96 -203
1 -202
22 -202
74 -202
92 -202
106 -202
114 -202
173 -202
1 -201
6 -201
75 -201
107 -201
144 -201
155 -201
167 -201
-289 -200
-281 -200
-252 -200
1 -200
24 -200
33 -200
74 -200
93 -200
152 -200
1 -199
2 -199
26 -199
33 -199
1 -198
13 -198
75 -198
193 -198
197 -198
207 -198
1 -197
7 -197
23 -197
25 -197
83 -197
95 -197
195 -197
-288 -196
1 -196
80 -196
85 -196
161 -196
171 -196
223 -196
-243 -195
1 -195
12 -195
66 -195
201 -195
1 -194
68 -194
95 -194
155 -194
160 -194
272 -194
-233 -193
1 -193
20 -193
56 -193
58 -193
158 -193
181 -193
1 -192
56 -192
124 -192
139 -192
154 -192
226 -192
-295 -191
-289 -191
1 -191
16 -191
110 -191
206 -191
285 -191
-300 -190
-250 -190
1 -190
116 -190
1 -189
32 -189
72 -189
112 -189
115 -189
201 -189
207 -189
1 -188
152 -188
279 -188
1 -187
44 -187
111 -187
125 -187
145 -187
276 -187
-242 -186
1 -186
78 -186
145 -186
172 -186
225 -186
230 -186
272 -186
-241 -185
1 -185
97 -185
99 -185
188 -185
199 -185
-300 -184
-255 -184
-240 -184
1 -184
65 -184
89 -184
219 -184
235 -184
294 -184
1 -183
63 -183
170 -183
219 -183
-270 -182
1 -182
62 -182
174 -182
200 -182
1 -181
204 -181
236 -181
-252 -180
-246 -180
1 -180
12 -180
21 -180
1 -179
72 -179
76 -179
180 -179
1 -178
98 -178
144 -178
177 -178
181 -178
1 -177
35 -177
200 -177
-277 -176
-250 -176
1 -176
83 -176
91 -176
140 -176
200 -176
1 -175
71 -175
80 -175
-270 -174
1 -174
12 -174
108 -174
149 -174
1 -173
133 -173
164 -173
1 -172
10 -172
216 -172
219 -172
-260 -171
1 -171
90 -171
122 -171
129 -171
211 -171
227 -171
1 -170
48 -170
77 -170
110 -170
142 -170
171 -170
191 -170
220 -170
227 -170
-278 -169
1 -169
14 -169
19 -169
47 -169
101 -169
102 -169
127 -169
208 -169
226 -169
227 -169
231 -169
293 -169
-282 -168
1 -168
44 -168
62 -168
73 -168
138 -168
175 -168
179 -168
238 -168
-270 -167
1 -167
82 -167
185 -167
1 -166
214 -166
217 -166
218 -166
1 -165
98 -165
197 -165
-289 -164
-282 -164
-270 -164
1 -164
104 -164
215 -164
1 -163
2 -163
57 -163
186 -163
-279 -162
1 -162
48 -162
95 -162
135 -162
150 -162
211 -162
221 -162
240 -162
247 -162
296 -162
1 -161
84 -161
159 -161
215 -161
225 -161
248 -161
250 -161
252 -161
-279 -160
1 -160
62 -160
175 -160
183 -160
245 -160
1 -159
17 -159
181 -159
1 -158
1 -157
3 -157
28 -157
66 -157
228 -157
-291 -156
1 -156
9 -156
107 -156
240 -156
-265 -155
1 -155
256 -155
1 -154
77 -154
90 -154
124 -154
246 -154
1 -153
25 -153
104 -153
193 -153
241 -153
-293 -152
-273 -152
1 -152
21 -152
122 -152
186 -152
-282 -151
-280 -151
1 -151
50 -151
125 -151
248 -151
1 -150
34 -150
59 -150
61 -150
149 -150
1 -149
49 -149
-277 -148
1 -148
65 -148
88 -148
130 -148
235 -148
248 -148
266 -148
-288 -147
1 -147
28 -147
59 -147
114 -147
237 -147
1 -146
59 -146
99 -146
129 -146
-281 -145
1 -145
1 -144
56 -144
64 -144
177 -144
217 -144
244 -144
-281 -143
1 -143
76 -143
89 -143
-285 -142
-278 -142
1 -142
2 -142
29 -142
51 -142
147 -142
200 -142
220 -142
235 -142
237 -142
241 -142
1 -141
262 -141
1 -140
17 -140
45 -140
267 -140
-281 -139
1 -139
35 -139
81 -139
103 -139
119 -139
263 -139
1 -138
151 -138
181 -138
269 -138
-285 -137
1 -137
165 -137
228 -137
1 -136
83 -136
95 -136
-289 -135
1 -135
12 -135
29 -135
49 -135
64 -135
181 -135
187 -135
1 -134
3 -134
54 -134
82 -134
182 -134
258 -134
-298 -133
1 -133
29 -133
60 -133
281 -133
1 -132
31 -132
73 -132
88 -132
110 -132
144 -132
183 -132
199 -132
222 -132
1 -131
26 -131
75 -131
93 -131
127 -131
170 -131
175 -131
186 -131
206 -131
274 -131
1 -130
25 -130
126 -130
142 -130
192 -130
229 -130
1 -129
107 -129
130 -129
255 -129
276 -129
1 -128
63 -128
65 -128
167 -128
205 -128
242 -128
272 -128
-298 -127
1 -127
218 -127
254 -127
259 -127
1 -126
104 -126
294 -126
1 -125
16 -125
127 -125
169 -125
175 -125
178 -125
1 -124
114 -124
1 -123
20 -123
79 -123
83 -123
157 -123
190 -123
202 -123
1 -122
1 -121
165 -121
236 -121
269 -121
289 -121
1 -120
21 -120
29 -120
1 -119
152 -119
169 -119
201 -119
295 -119
296 -119
1 -118
26 -118
40 -118
92 -118
160 -118
166 -118
203 -118
1 -117
24 -117
34 -117
35 -117
65 -117
92 -117
137 -117
1 -116
44 -116
166 -116
177 -116
248 -116
254 -116
286 -116
1 -115
3 -115
22 -115
53 -115
65 -115
193 -115
201 -115
267 -115
1 -114
13 -114
154 -114
159 -114
171 -114
1 -113
89 -113
167 -113
226 -113
231 -113
1 -112
34 -112
149 -112
186 -112
283 -112
1 -111
3 -111
72 -111
84 -111
115 -111
193 -111
1 -110
110 -110
239 -110
1 -109
58 -109
80 -109
279 -109
1 -108
40 -108
90 -108
166 -108
170 -108
1 -107
171 -107
226 -107
1 -106
81 -106
93 -106
167 -106
220 -106
224 -106
241 -106
267 -106
1 -105
94 -105
121 -105
153 -105
216 -105
226 -105
1 -104
15 -104
208 -104
247 -104
1 -103
4 -103
31 -103
41 -103
117 -103
272 -103
1 -102
23 -102
110 -102
213 -102
270 -102
282 -102
295 -102
1 -101
180 -101
237 -101
1 -100
52 -100
133 -100
214 -100
259 -100
1 -99
131 -99
180 -99
274 -99
1 -98
3 -98
64 -98
260 -98
1 -97
160 -97
258 -97
276 -97
1 -96
105 -96
131 -96
160 -96
279 -96
1 -95
118 -95
121 -95
1 -94
46 -94
59 -94
90 -94
1 -93
57 -93
102 -93
126 -93
243 -93
279 -93
1 -92
21 -92
30 -92
63 -92
265 -92
281 -92
1 -91
42 -91
166 -91
240 -91
257 -91
1 -90
47 -90
61 -90
87 -90
128 -90
181 -90
183 -90
270 -90
273 -90
298 -90
1 -89
7 -89
54 -89
96 -89
103 -89
1 -88
19 -88
44 -88
201 -88
1 -87
126 -87
1 -86
46 -86
69 -86
99 -86
134 -86
141 -86
184 -86
212 -86
257 -86
1 -85
35 -85
61 -85
133 -85
1 -84
5 -84
198 -84
215 -84
258 -84
289 -84
1 -83
56 -83
94 -83
292 -83
1 -82
112 -82
192 -82
230 -82
1 -81
38 -81
43 -81
71 -81
126 -81
189 -81
247 -81
275 -81
1 -80
57 -80
70 -80
263 -80
289 -80
1 -79
39 -79
102 -79
145 -79
250 -79
1 -78
83 -78
89 -78
216 -78
1 -77
96 -77
213 -77
223 -77
1 -76
111 -76
159 -76
160 -76
1 -75
10 -75
145 -75
151 -75
1 -74
34 -74
39 -74
109 -74
219 -74
225 -74
251 -74
1 -73
95 -73
106 -73
196 -73
1 -72
2 -72
207 -72
273 -72
275 -72
1 -71
10 -71
42 -71
59 -71
101 -71
112 -71
136 -71
151 -71
237 -71
1 -70
109 -70
225 -70
259 -70
272 -70
296 -70
1 -69
8 -69
138 -69
150 -69
168 -69
176 -69
232 -69
240 -69
251 -69
1 -68
27 -68
209 -68
210 -68
211 -68
247 -68
1 -67
12 -67
285 -67
1 -66
66 -66
212 -66
257 -66
270 -66
275 -66
290 -66
1 -65
5 -65
150 -65
154 -65
1 -64
46 -64
91 -64
142 -64
188 -64
226 -64
264 -64
266 -64
281 -64
295 -64
1 -63
6 -63
62 -63
106 -63
110 -63
235 -63
269 -63
1 -62
7 -62
32 -62
39 -62
98 -62
107 -62
185 -62
1 -61
6 -61
32 -61
82 -61
88 -61
138 -61
192 -61
297 -61
1 -60
76 -60
164 -60
173 -60
174 -60
176 -60
1 -59
46 -59
107 -59
236 -59
1 -58
26 -58
39 -58
1 -57
42 -57
70 -57
162 -57
178 -57
1 -56
12 -56
27 -56
130 -56
181 -56
234 -56
237 -56
1 -55
2 -55
128 -55
215 -55
1 -54
112 -54
182 -54
258 -54
1 -53
73 -53
165 -53
185 -53
1 -52
68 -52
86 -52
102 -52
151 -52
159 -52
171 -52
217 -52
1 -51
10 -51
42 -51
51 -51
54 -51
276 -51
288 -51
294 -51
1 -50
15 -50
62 -50
1 -49
61 -49
91 -49
138 -49
154 -49
180 -49
1 -48
8 -48
10 -48
22 -48
90 -48
1 -47
153 -47
229 -47
291 -47
292 -47
1 -46
14 -46
233 -46
262 -46
1 -45
27 -45
44 -45
146 -45
184 -45
191 -45
194 -45
251 -45
1 -44
79 -44
155 -44
158 -44
162 -44
250 -44
1 -43
33 -43
81 -43
146 -43
147 -43
170 -43
199 -43
210 -43
211 -43
237 -43
1 -42
51 -42
87 -42
271 -42
1 -41
23 -41
26 -41
75 -41
126 -41
150 -41
152 -41
174 -41
176 -41
219 -41
1 -40
25 -40
61 -40
157 -40
188 -40
228 -40
231 -40
270 -40
271 -40
1 -39
54 -39
57 -39
78 -39
80 -39
161 -39
245 -39
250 -39
287 -39
1 -38
177 -38
180 -38
207 -38
223 -38
285 -38
1 -37
30 -37
79 -37
112 -37
184 -37
223 -37
267 -37
274 -37
1 -36
28 -36
76 -36
89 -36
96 -36
140 -36
269 -36
274 -36
1 -35
111 -35
149 -35
188 -35
278 -35
1 -34
56 -34
100 -34
147 -34
157 -34
250 -34
1 -33
31 -33
33 -33
53 -33
130 -33
162 -33
166 -33
192 -33
1 -32
29 -32
93 -32
109 -32
194 -32
1 -31
76 -31
142 -31
177 -31
1 -30
170 -30
255 -30
1 -29
105 -29
200 -29
1 -28
25 -28
56 -28
85 -28
274 -28
1 -27
116 -27
182 -27
299 -27
1 -26
40 -26
162 -26
209 -26
214 -26
245 -26
1 -25
18 -25
82 -25
123 -25
143 -25
1 -24
69 -24
74 -24
111 -24
114 -24
220 -24
236 -24
239 -24
245 -24
1 -23
107 -23
125 -23
215 -23
1 -22
61 -22
97 -22
149 -22
162 -22
170 -22
265 -22
1 -21
16 -21
26 -21
136 -21
188 -21
261 -21
274 -21
1 -20
6 -20
17 -20
34 -20
36 -20
38 -20
197 -20
200 -20
266 -20
1 -19
3 -19
59 -19
77 -19
143 -19
178 -19
187 -19
223 -19
1 -18
100 -18
222 -18
271 -18
1 -17
19 -17
29 -17
236 -17
237 -17
1 -16
58 -16
101 -16
129 -16
136 -16
221 -16
222 -16
233 -16
279 -16
1 -15
127 -15
147 -15
185 -15
199 -15
1 -14
107 -14
201 -14
222 -14
1 -13
32 -13
101 -13
119 -13
264 -13
1 -12
81 -12
84 -12
220 -12
245 -12
285 -12
1 -11
87 -11
129 -11
257 -11
294 -11
1 -10
28 -10
83 -10
144 -10
225 -10
1 -9
85 -9
87 -9
91 -9
152 -9
1 -8
15 -8
32 -8
88 -8
162 -8
256 -8
1 -7
59 -7
83 -7
134 -7
222 -7
1 -6
10 -6
48 -6
193 -6
219 -6
225 -6
245 -6
1 -5
7 -5
23 -5
54 -5
86 -5
89 -5
135 -5
295 -5
1 -4
26 -4
52 -4
150 -4
205 -4
271 -4
1 -3
81 -3
97 -3
123 -3
143 -3
159 -3
254 -3
1 -2
14 -2
97 -2
277 -2
1 -1
43 -1
44 -1
105 -1
231 -1
255 -1
264 -1
-300 0
-299 0
-298 0
-297 0
-296 0
-295 0
-294 0
-293 0
-292 0
-291 0
-290 0
-289 0
-288 0
-287 0
-286 0
-285 0
-284 0
-283 0
-282 0
-281 0
-280 0
-279 0
-278 0
-277 0
-276 0
-275 0
-274 0
-273 0
-272 0
-271 0
-270 0
-269 0
-268 0
-267 0
-266 0
-265 0
-264 0
-263 0
-262 0
-261 0
-260 0
-259 0
-258 0
-257 0
-256 0
-255 0
-254 0
-253 0
-252 0
-251 0
-250 0
-249 0
-248 0
-247 0
-246 0
-245 0
-244 0
-243 0
-242 0
-241 0
-240 0
-239 0
-238 0
-237 0
-236 0
-235 0
-234 0
-233 0
-232 0
-231 0
-230 0
-229 0
-228 0
-227 0
-226 0
-225 0
-224 0
-223 0
-222 0
-221 0
-220 0
-219 0
-218 0
-217 0
-216 0
-215 0
-214 0
-213 0
-212 0
-211 0
-210 0
-209 0
-208 0
-207 0
-206 0
-205 0
-204 0
-203 0
-202 0
-201 0
-200 0
-199 0
-198 0
-197 0
-196 0
-195 0
-194 0
-193 0
-192 0
-191 0
-190 0
-189 0
-188 0
-187 0
-186 0
-185 0
-184 0
-183 0
-182 0
-181 0
-180 0
-179 0
-178 0
-177 0
-176 0
-175 0
-174 0
-173 0
-172 0
-171 0
-170 0
-169 0
-168 0
-167 0
-166 0
-165 0
-164 0
-163 0
-162 0
-161 0
-160 0
-159 0
-158 0
-157 0
-156 0
-155 0
-154 0
-153 0
-152 0
-151 0
-150 0
-149 0
-148 0
-147 0
-146 0
-145 0
-144 0
-143 0
-142 0
-141 0
-140 0
-139 0
-138 0
-137 0
-136 0
-135 0
-134 0
-133 0
-132 0
-131 0
-130 0
-129 0
-128 0
-127 0
-126 0
-125 0
-124 0
-123 0
-122 0
-121 0
-120 0
-119 0
-118 0
-117 0
-116 0
-115 0
-114 0
-113 0
-112 0
-111 0
-110 0
-109 0
-108 0
-107 0
-106 0
-105 0
-104 0
-103 0
-102 0
-101 0
-100 0
-99 0
-98 0
-97 0
-96 0
-95 0
-94 0
-93 0
-92 0
-91 0
-90 0
-89 0
-88 0
-87 0
-86 0
-85 0
-84 0
-83 0
-82 0
-81 0
-80 0
-79 0
-78 0
-77 0
-76 0
-75 0
-74 0
-73 0
-72 0
-71 0
-70 0
-69 0
-68 0
-67 0
-66 0
-65 0
-64 0
-63 0
-62 0
-61 0
-60 0
-59 0
-58 0
-57 0
-56 0
-55 0
-54 0
-53 0
-52 0
-51 0
-50 0
-49 0
-48 0
-47 0
-46 0
-45 0
-44 0
-43 0
-42 0
-41 0
-40 0
-39 0
-38 0
-37 0
-36 0
-35 0
-34 0
-33 0
-32 0
-31 0
-30 0
-29 0
-28 0
-27 0
-26 0
-25 0
-24 0
-23 0
-22 0
-21 0
-20 0
-19 0
-18 0
-17 0
-16 0
-15 0
-14 0
-13 0
-12 0
-11 0
-10 0
-9 0
-8 0
-7 0
-6 0
-5 0
-4 0
-3 0
-2 0
-1 0
0 0
1 0
2 0
3 0
4 0
5 0
6 0
7 0
8 0
9 0
10 0
11 0
12 0
13 0
14 0
15 0
16 0
17 0
18 0
19 0
20 0
21 0
22 0
23 0
24 0
25 0
26 0
27 0
28 0
29 0
30 0
31 0
32 0
33 0
34 0
35 0
36 0
37 0
38 0
39 0
40 0
41 0
42 0
43 0
44 0
45 0
46 0
47 0
48 0
49 0
50 0
51 0
52 0
53 0
54 0
55 0
56 0
57 0
58 0
59 0
60 0
61 0
62 0
63 0
64 0
65 0
66 0
67 0
68 0
69 0
70 0
71 0
72 0
73 0
74 0
75 0
76 0
77 0
78 0
79 0
80 0
81 0
82 0
83 0
84 0
85 0
86 0
87 0
88 0
89 0
90 0
91 0
92 0
93 0
94 0
95 0
96 0
97 0
98 0
99 0
100 0
101 0
102 0
103 0
104 0
105 0
106 0
107 0
108 0
109 0
110 0
111 0
112 0
113 0
114 0
115 0
116 0
117 0
118 0
119 0
120 0
121 0
122 0
123 0
124 0
125 0
126 0
127 0
128 0
129 0
130 0
131 0
132 0
133 0
134 0
135 0
136 0
137 0
138 0
139 0
140 0
141 0
142 0
143 0
144 0
145 0
146 0
147 0
148 0
149 0
150 0
151 0
152 0
153 0
154 0
155 0
156 0
157 0
158 0
159 0
160 0
161 0
162 0
163 0
164 0
165 0
166 0
167 0
168 0
169 0
170 0
171 0
172 0
173 0
174 0
175 0
176 0
177 0
178 0
179 0
180 0
181 0
182 0
183 0
184 0
185 0
186 0
187 0
188 0
189 0
190 0
191 0
192 0
193 0
194 0
195 0
196 0
197 0
198 0
199 0
200 0
201 0
202 0
203 0
204 0
205 0
206 0
207 0
208 0
209 0
210 0
211 0
212 0
213 0
214 0
215 0
216 0
217 0
218 0
219 0
220 0
221 0
222 0
223 0
224 0
225 0
226 0
227 0
228 0
229 0
230 0
231 0
232 0
233 0
234 0
235 0
236 0
237 0
238 0
239 0
240 0
241 0
242 0
243 0
244 0
245 0
246 0
247 0
248 0
249 0
250 0
251 0
252 0
253 0
254 0
255 0
256 0
257 0
258 0
259 0
260 0
261 0
262 0
263 0
264 0
265 0
266 0
267 0
268 0
269 0
270 0
271 0
272 0
273 0
274 0
275 0
276 0
277 0
278 0
279 0
280 0
281 0
282 0
283 0
284 0
285 0
286 0
287 0
288 0
289 0
290 0
291 0
292 0
293 0
294 0
295 0
296 0
297 0
298 0
299 0
-279 1
-174 1
-158 1
-145 1
-143 1
-117 1
-90 1
-251 2
-223 2
-132 2
-92 2
-19 2
-293 3
-273 3
-221 3
-103 3
-53 3
-258 4
-239 4
-237 4
-213 4
-131 4
-130 4
-127 4
-65 4
-223 5
-201 5
-161 5
-154 5
-153 5
-120 5
-40 5
-255 6
-119 6
-13 6
-8 6
-263 7
-78 7
-62 7
-279 8
-217 8
-204 8
-199 8
-192 8
-161 8
-131 8
-19 8
-298 9
-119 9
-97 9
-70 9
-290 10
-246 10
-218 10
-215 10
-209 10
-179 10
-172 10
-170 10
-166 10
-126 10
-254 11
-225 11
-106 12
-41 12
-122 13
-219 14
-215 14
-184 14
-165 14
-140 14
-105 14
-50 14
-278 15
-232 15
-150 15
-39 15
-143 16
-139 16
-54 16
-217 17
-211 17
-14 17
-258 18
-96 18
-143 19
-119 19
-69 19
-252 20
-171 20
-20 20
-221 21
-191 21
-71 21
-51 21
-15 21
-248 22
-115 22
-60 22
-263 23
-126 23
-284 24
-158 24
-60 24
-220 25
-284 26
-245 26
-239 26
-211 26
-151 26
-106 26
-70 26
-17 26
-222 27
-155 27
-108 27
-51 27
-27 28
-281 29
-42 29
-281 30
-279 30
-254 30
-175 30
-169 30
-166 30
-157 30
-44 30
-242 31
-198 31
-270 32
-268 32
-155 32
-17 32
-210 33
-207 33
-169 33
-151 33
-34 33
-283 34
-220 34
-218 34
-207 34
-156 34
-113 34
-112 34
-90 34
-158 35
-136 35
-59 35
-28 35
-228 36
-206 36
-142 36
-269 37
-266 37
-224 37
-183 37
-132 37
-114 37
-72 37
-229 38
-156 38
-293 39
-267 39
-98 39
-290 40
-281 40
-272 40
-195 40
-177 40
-272 41
-144 41
-106 41
-279 42
-221 42
-165 42
-108 42
-257 43
-235 43
-152 43
-103 43
-80 43
-69 43
-64 43
-248 44
-235 44
-174 44
-75 44
-59 44
-4 44
-76 45
-74 45
-14 45
-294 46
-293 46
-211 46
-188 46
-177 46
-132 46
-96 46
-50 46
-4 46
-292 47
-221 47
-165 47
-297 48
-241 48
-223 48
-221 48
-189 48
-58 48
-49 48
-226 49
-218 49
-216 49
-106 49
-272 50
-271 50
-186 50
-155 50
-69 50
-33 50
-288 51
-196 51
-145 51
-138 51
-293 52
-205 52
-192 52
-115 52
-4 52
-282 53
-250 53
-91 53
-289 54
-171 54
-101 54
-27 54
-273 55
-260 55
-217 55
-99 55
-96 55
-154 56
-44 56
-292 57
-164 57
-71 57
-200 58
-113 58
-99 58
-72 58
-10 58
-251 59
-101 59
-94 59
-59 59
-47 59
-44 59
-224 60
-158 60
-137 61
-117 61
-88 61
-25 61
-125 62
-287 63
-266 63
-226 63
-133 63
-120 63
-113 63
-94 63
-172 64
-111 64
-97 64
-265 65
-241 65
-127 65
-53 65
-254 66
-246 66
-189 66
-99 66
-227 67
-225 67
-207 67
-192 67
-139 67
-5 67
-294 68
-144 68
-78 68
-40 68
-292 69
-174 69
-120 69
-70 69
-284 70
-249 70
-246 70
-123 70
-226 71
-175 71
-168 71
-166 71
-74 71
-27 71
-199 72
-269 73
-185 73
-173 73
-150 73
-135 73
-99 73
-85 73
-28 73
-14 73
-236 74
-223 74
-190 74
-13 74
-11 74
-2 74
-264 75
-209 75
-207 75
-202 75
-161 75
-151 75
-135 75
-83 75
-71 75
-270 76
-267 76
-176 76
-108 76
-2 76
-215 77
-180 77
-79 77
-73 77
-38 77
-293 78
-70 78
-61 78
-19 78
-292 79
-269 79
-169 79
-82 79
-286 80
-257 80
-192 80
-72 80
-287 81
-248 81
-179 81
-134 81
-16 81
-131 82
-72 82
-69 82
-177 83
-176 83
-83 83
-196 84
-170 84
-7 84
-280 85
-167 85
-101 85
-18 85
-233 86
-180 86
-115 86
-84 86
-24 86
-274 87
-124 87
-83 87
-55 87
-296 88
-182 88
-137 88
-287 89
-279 89
-272 89
-199 89
-76 89
-53 89
-33 89
-283 90
-266 90
-139 90
-92 90
-272 91
-270 91
-231 91
-179 91
-135 92
-42 92
-17 92
-282 93
-205 93
-151 93
-112 93
-76 93
-40 93
-277 94
-98 94
-283 95
-150 95
-210 96
-145 96
-135 96
-133 96
-106 96
-104 96
-42 96
-34 96
-10 96
-216 97
-33 97
-285 98
-139 98
-127 98
-118 98
-210 99
-141 99
-85 99
-46 99
-268 100
-208 100
-181 100
-126 100
-89 100
-51 100
-244 101
-227 101
-226 101
-133 101
-68 101
-296 102
-246 102
-230 102
-154 102
-38 102
-298 103
-286 103
-211 103
-197 103
-105 103
-94 103
-69 103
-16 103
-8 103
-207 104
-129 104
-50 104
-42 104
-269 105
-131 105
-82 105
-36 105
-11 105
-277 106
-46 106
-259 107
-256 107
-180 107
-122 107
-106 107
-58 107
-22 107
-281 108
-255 108
-196 108
-113 108
-108 108
-50 108
-283 109
-270 109
-250 109
-243 109
-200 109
-152 109
-140 109
-70 109
-273 110
-260 110
-215 110
-176 110
-157 110
-95 110
-206 111
-144 111
-128 111
-63 111
-56 111
-46 111
-27 111
-262 112
-78 112
-76 112
-207 113
-145 113
-123 113
-11 113
-180 114
-144 114
-114 114
-68 114
-297 115
-285 115
-225 115
-20 115
-286 116
-234 116
-225 116
-206 116
-197 116
-186 116
-124 116
-74 116
-65 116
-59 116
-58 116
-54 116
-13 116
-228 117
-169 117
-155 117
-72 117
-40 117
-287 119
-280 119
-241 119
-206 119
-164 119
-50 119
-237 120
-221 120
-195 120
-137 120
-104 120
-20 121
-260 122
-227 122
-163 122
-64 122
-11 122
-284 123
-196 123
-34 123
-279 124
-243 124
-225 124
-195 124
-273 125
-231 125
-159 125
-152 125
-140 125
-102 125
-44 125
-9 125
-257 126
-227 126
-128 126
-96 126
-24 126
-9 126
-270 127
-55 127
-12 127
297 127
298 127
-168 128
-275 129
-243 129
-221 129
-213 129
-163 129
-214 130
-207 130
-132 130
-70 130
-40 130
297 130
-208 131
-176 131
-113 131
-65 131
-26 131
-268 132
-145 132
-80 132
-65 132
-55 132
-53 132
-235 133
-192 133
-188 133
-97 133
-278 134
-226 134
-90 134
-245 135
-220 135
-101 135
-57 135
-48 135
-221 136
-212 136
-148 136
-119 136
-77 136
-9 136
-216 137
-210 137
-65 137
-3 137
-180 138
-166 138
-129 138
-77 138
-11 138
-4 138
-265 139
-215 139
-116 139
-240 141
-231 141
-137 141
-109 141
-106 141
-51 141
-36 141
-185 142
-141 142
-129 142
-209 143
-132 143
-6 143
-254 144
-212 144
-176 144
-151 144
-40 144
-33 144
-224 145
-209 145
-126 145
-79 145
-49 145
-40 145
-259 146
-149 146
-101 146
-54 146
-45 146
-7 146
-168 147
-135 147
-52 147
-221 148
-196 148
-128 148
-97 148
-96 148
-23 148
276 148
-268 149
-200 149
-128 149
-118 149
-116 149
-91 149
-17 149
-15 149
-95 150
-76 150
-62 150
-36 150
-233 151
-162 151
-113 151
-104 151
-60 151
-56 151
-55 151
-52 152
-35 152
-33 152
-26 152
-221 153
-116 153
299 153
-194 154
-119 154
-106 154
-90 154
-19 154
-224 155
-177 155
-142 155
-81 155
-185 156
-106 156
-4 156
-195 157
-147 157
-133 157
-10 157
284 157
289 157
-248 158
-83 158
-46 158
-187 159
-162 159
-144 159
-57 159
-16 159
-187 160
-177 160
-167 160
-151 160
271 160
-235 161
-154 161
-82 161
-70 161
-181 162
-151 162
-117 162
-112 162
-74 162
-3 162
-161 163
-139 163
-75 163
-3 163
263 163
267 163
279 163
290 163
-247 164
-179 164
-169 164
-126 164
-114 164
-11 164
-202 165
-151 165
-148 165
-76 165
-165 166
-105 166
-38 166
-34 166
-200 167
-160 167
-146 167
-120 167
-231 168
-130 168
-69 168
283 168
-229 169
-135 169
-126 169
-79 169
-73 169
-50 169
-7 169
-292 170
-291 170
-90 170
248 170
-59 171
-53 171
-33 171
249 171
-199 172
-148 172
-139 172
-70 172
-64 172
-17 172
267 172
281 172
-137 173
-55 173
-36 173
-29 173
-91 174
-46 174
-19 174
245 174
-230 175
-218 175
-187 175
-43 175
-24 175
-288 176
-49 176
-197 177
-67 177
-235 178
-228 178
-223 178
-213 178
-160 178
-151 178
-48 178
-287 179
-212 179
-157 179
-102 179
-43 179
-183 180
252 180
270 180
-293 181
-220 181
-205 181
-131 181
-129 181
-295 182
-294 182
-282 182
-227 182
-132 182
-126 182
-90 182
266 182
271 182
-282 183
-179 183
-114 183
-290 184
-282 184
-234 184
-61 184
298 184
241 185
253 185
-280 186
-204 186
-174 186
-161 186
-104 186
-289 187
-97 187
-34 187
-275 188
-224 188
-97 188
-93 188
-79 188
295 188
-174 189
-50 189
-186 190
-132 190
-27 190
-277 191
-225 191
-215 191
-139 191
-128 191
-70 191
-287 192
-215 192
-146 192
-51 192
-139 193
-112 193
-102 193
-25 193
-20 193
-128 194
-12 194
-123 195
-78 195
234 195
244 195
285 195
-218 196
-207 196
-39 196
-7 196
-219 197
-199 197
-96 197
-88 197
-60 197
234 197
-210 198
-5 198
-300 199
-216 199
-167 199
-115 199
-23 199
-13 199
-220 200
-194 200
-131 200
-123 200
-116 200
-61 200
-15 200
-298 201
-177 202
-123 202
-10 202
-194 203
-169 203
-155 203
-101 204
223 204
-175 205
-109 205
-60 205
-50 205
-44 205
234 205
-187 206
-107 206
-101 206
-45 206
240 206
-202 207
-201 207
-149 207
-100 207
226 207
-132 208
-123 208
-22 208
228 208
-162 209
-57 209
-41 209
-30 209
-255 210
-99 210
219 210
-204 211
-192 211
-94 211
-10 211
236 211
249 211
275 211
280 211
-210 212
-164 212
-63 212
-44 212
-37 212
-213 213
-152 213
-49 213
-46 213
-32 213
-4 213
278 213
-292 214
-254 214
-3 214
246 214
-157 215
-139 215
-296 216
-253 216
-128 216
-114 216
233 216
278 216
-292 217
-160 217
-150 217
-111 217
-96 217
-35 217
219 217
222 217
-290 218
-247 218
-172 218
-147 218
-133 218
-58 218
232 218
-161 219
-5 219
-47 220
-39 220
-22 220
236 220
-288 221
-251 221
-177 221
212 221
-133 222
-120 222
-281 223
-249 223
-185 223
-177 223
-91 223
-19 223
-283 224
-96 224
-90 224
-81 224
-72 224
-55 224
-38 224
-5 224
293 224
-259 225
-176 225
-65 225
213 225
238 225
267 225
294 225
-196 226
-156 226
-142 226
-17 226
-99 227
-92 227
-23 227
228 227
-255 228
273 228
-245 229
-180 229
-154 229
-90 229
-80 229
269 229
291 229
-274 230
-175 230
-131 230
-115 230
-82 230
-15 230
259 230
-194 231
-164 231
-132 231
-101 231
223 231
234 231
258 231
290 231
-128 232
227 232
267 232
-73 233
256 233
-273 234
-251 234
-152 234
-139 234
220 234
226 234
231 234
-189 235
-114 235
-54 235
-38 235
-23 235
-8 235
-152 236
-78 236
-271 237
-115 237
224 237
-250 238
-199 238
-113 238
-59 239
-4 239
-201 240
-161 240
-120 240
-92 240
-39 240
-238 241
-54 241
-14 241
279 242
296 243
-141 244
-130 244
-25 244
280 244
-290 245
-175 245
-162 245
-141 245
-136 245
-104 245
-98 245
-73 245
-32 246
-8 246
227 246
276 246
283 246
-291 247
-187 247
-103 247
-44 247
-266 248
-159 248
-134 248
-89 248
-34 248
-17 248
224 248
292 248
299 248
-155 249
-153 249
249 249
-178 250
-108 250
-32 250
-16 250
-7 250
-36 251
-34 251
-89 252
-75 252
246 252
255 252
-192 253
-175 253
-172 253
-84 253
-40 253
-22 253
-19 253
210 253
212 253
-137 254
-75 254
-72 254
-44 254
-40 254
216 254
244 254
-238 255
-4 255
214 255
220 255
-178 256
-148 256
-105 256
-61 256
-36 256
-5 256
201 256
-187 257
-181 257
-177 257
-156 257
-143 257
-77 257
250 257
273 257
-105 258
-91 258
-54 258
250 258
272 258
-230 259
-179 259
-141 259
-293 260
-276 260
-169 260
218 260
251 260
-282 261
201 261
-293 262
-166 262
-58 262
198 262
297 262
-296 263
-190 263
-122 263
-115 263
-106 263
287 263
-179 264
-129 264
-12 264
299 264
-173 265
-158 265
-97 265
-36 265
-28 265
-279 266
-132 266
-50 266
-171 267
-140 267
-92 267
-54 267
248 267
-164 268
-114 268
-28 268
-226 269
-152 269
-72 269
204 269
-228 270
-130 271
-91 271
-90 271
-36 271
-20 271
-179 272
-116 272
-97 272
-252 273
-160 273
-25 273
-23 273
-255 274
-228 274
-124 274
-105 274
-40 274
-287 275
-224 275
-184 275
-143 275
-85 275
-72 275
-26 275
-8 275
237 275
278 275
279 275
-297 276
-104 276
211 276
277 276
-184 277
-168 277
-90 277
-40 277
188 277
-175 278
-83 278
-51 278
-32 278
189 278
190 278
-272 279
-90 279
209 279
288 279
-175 280
-167 280
-33 280
277 280
288 280
291 280
-243 281
-65 281
-51 282
209 282
-214 283
-91 283
-4 283
192 283
-245 284
-221 284
-167 284
-110 284
-106 284
-103 284
-56 284
-47 284
-24 284
-12 284
273 284
-166 285
-88 285
270 285
232 286
272 286
-161 287
-156 287
-87 287
-77 287
-290 288
-276 288
-265 288
-163 288
-29 288
-130 289
-69 289
-36 289
187 289
198 289
-162 290
-127 290
-14 290
230 290
-287 291
-259 291
-143 291
-84 291
-8 291
-4 292
196 292
281 292
292 292
-209 293
-262 294
-125 294
-122 294
-116 294
255 294
-137 295
-129 295
181 295
-274 296
-147 296
-242 297
-113 297
189 297
201 297
298 297
-261 298
-255 298
-238 298
-154 298
-115 298
190 298
-209 299
-171 299
-127 299
-115 299
-112 299
180 299
